1 Eulenturm 566777 5709639 255 2 23 26
2 Herberhausen 568520 5710250 235 1 23 24 25 12 3 28 30
3 Mönchsgrund 571030 5710183 355 2 4 5 7 30 31
4 Harzblick 572485 5710610 411 3 5 29 31
5 Mackenröder_Spitze 572690 5709817 419 3 4 7 8 31
6 Mackenrode 573549 5709141 290 8 11
7 Kempelbergstraße 572369 5709575 415 3 5 9 
8 Staneberg 572670 5708917 417 5 15 9 10 16 11 
9 Brandschläge 571861 5709268 370 7 12 8
10 Pferdekrippe 571926 5708048 406 8 15 11 14
11 Gr_Lengden 571746 5707095 260 8 6 17
12 Blutbuche 570983 5709276 324 2 13 9
13 5-fach-Kreuzung 570529 5708959 350 25 27 15 12
14 Hoherott 570543 5707283 394 10 16
15 K-Feld 570240 5708553 362 13 27 8 10 16
16 Gösselgrund_N 569940 5707801 298 15 8 17 18 14
17 Gösselgrund_S 569651 5706986 255 11 16 21
18 Wenekopf 569456 5707084 320 16 17 27 19
19 Wildwest 568740 5706935 280 18 20 21
20 Ossenpump 568165 5707168 309 22 27 19 21
21 Landstraße 568580 5705512 220 17 19 20
22 Zietenterrassen 567923 5707900 300 26 23 27 20
23 Kehr 567870 5708700 334 1 2 26 22 24 27
24 Kl_Amerika 568980 5708780 330 2 23 25 27
25 Hoher_Brunnen 569780 5709680 316 2 24 13
26 Guldenhagen 566715 5708515 230 1 23 22
27 Panzerstrasse 569056 5708205 370 23 24 13 22 20 15 18
28 Drakenberg  569334 5711002 347 2 29 30
29 Roringen 569886 5711986 350 28 4 30
30 Parkplatz 569989 5710738 270 28 31 2 3
31 Seckborn 571136 5710683 310 30 3 4 5
